"""
53. Prediction
Use the logistic regression model from the problem 52. 
Create a program that predicts the category of a given news headline 
and computes the prediction probability of the model.
"""

import pickle
import pandas as pd
import time


if __name__ == '__main__':
    start = time.perf_counter()
    time.sleep(5)
    with open('model.pkl', 'rb') as g:
        model = pickle.load(g)
    X_test = pd.read_csv('test.feature.txt', sep = '\t', header = None)
    y_test = pd.read_csv('test.txt', sep = '\t')['CATEGORY']
    y_predicted = model.predict(X_test)
    prob = model.predict_proba(X_test)
    for i, proba in enumerate(prob):
        print(f'predict:{y_predicted[i]}\tb:{proba[0]} e:{proba[1]} m:{proba[2]} t:{proba[3]}')
    end = time.perf_counter()
    processing_time = end - start
    print('time:', processing_time)
    
"""
predict:b	b:0.9084484985648215 e:0.027466701493009334 m:0.010352875921644057 t:0.05373192402052496
predict:e	b:0.10442346876629155 e:0.7862943470400645 m:0.04004449691552431 t:0.06923768727811962
predict:e	b:0.17917141208441512 e:0.55552299227869 m:0.11968541483380216 t:0.14562018080309283
predict:b	b:0.5201231222764052 e:0.13672299567430582 m:0.05359112308185752 t:0.28956275896743144
predict:b	b:0.6610528366882502 e:0.03496920140153053 m:0.04888731280802764 t:0.25509064910219187
predict:b	b:0.8996134404643548 e:0.05834925536335957 m:0.014111140162325514 t:0.02792616400996021
predict:b	b:0.9409933293337622 e:0.030318008585631526 m:0.011174164997737998 t:0.017514497082868435
predict:t	b:0.07919731996712771 e:0.24138728230517628 m:0.03395198417280133 t:0.6454634135548947
predict:b	b:0.954243720469593 e:0.021950167837565076 m:0.008262806780784079 t:0.015543304912057706
predict:b	b:0.8887667910211994 e:0.02411483613031222 m:0.032814382822398694 t:0.05430399002608955
predict:e	b:0.03211545880302019 e:0.9308640621646006 m:0.013433160350941506 t:0.023587318681437736
predict:b	b:0.9279132277574845 e:0.01590471906914677 m:0.009639401489322498 t:0.04654265168404618
predict:b	b:0.8721054129613814 e:0.044809096985751605 m:0.028320326272197768 t:0.054765163780669174
predict:b	b:0.6995270406492284 e:0.06960189793076507 m:0.10876624015653154 t:0.12210482126347497
predict:b	b:0.8832686039704706 e:0.04109307549797128 m:0.021650905212477912 t:0.053987415319080426
predict:t	b:0.28918334825283354 e:0.0815641768564294 m:0.034547628755712996 t:0.5947048461350241
predict:e	b:0.062001443822204926 e:0.8763667767023214 m:0.023511537103202588 t:0.03812024237227083
predict:e	b:0.30906167434736226 e:0.4728906244738875 m:0.1032783720348 t:0.11476932914395008
predict:e	b:0.0917417873671394 e:0.8518644104007663 m:0.021989038446558702 t:0.03440476378553545
predict:e	b:0.09164160760489694 e:0.8385165054755449 m:0.031058396306232017 t:0.0387834906133262
predict:e	b:0.07235312735546882 e:0.755210657488575 m:0.05403979778062584 t:0.1183964173753304
predict:b	b:0.9678270339320103 e:0.01799222596435243 m:0.006012798869264503 t:0.008167941234372771
predict:b	b:0.9915259638512124 e:0.0037375310625296296 m:0.0021682680262991227 t:0.002568237059958792
predict:t	b:0.34943379568492816 e:0.17035028516800804 m:0.05558684451198697 t:0.4246290746350767
predict:b	b:0.8536181101848459 e:0.0695616219683639 m:0.029523036434307506 t:0.047297231412482876
predict:t	b:0.2378966347739283 e:0.15696107788402924 m:0.06454664919157971 t:0.5405956381504627
predict:e	b:0.01174497036011052 e:0.9554798562389735 m:0.014353113104235649 t:0.018422060296680483
predict:e	b:0.01502158641390234 e:0.9703102979351198 m:0.00696196876049438 t:0.007706146890483416
predict:e	b:0.09015691142260743 e:0.8208916152592166 m:0.038676929563030565 t:0.050274543755145375
predict:b	b:0.9696367221372643 e:0.005278404903590928 m:0.009305292516654644 t:0.015779580442490355
predict:e	b:0.07134170784395238 e:0.8213557542100003 m:0.05314789629492063 t:0.0541546416511267
predict:e	b:0.0648030510491788 e:0.8669562159780058 m:0.02279307303361392 t:0.04544765993920177
predict:b	b:0.5356386371493089 e:0.2856046036443462 m:0.05422467690516088 t:0.12453208230118386
predict:b	b:0.73786583823257 e:0.14004755245701783 m:0.047368499804173014 t:0.07471810950623921
predict:e	b:0.013073606544237611 e:0.9667999029637019 m:0.007996304931783035 t:0.012130185560277337
predict:e	b:0.03221044537458755 e:0.9316484347634971 m:0.013478829724545132 t:0.022662290137370214
predict:e	b:0.06247730980442703 e:0.8531078860905058 m:0.03803411146066306 t:0.046380692644404156
predict:b	b:0.8761518209387003 e:0.06233195108679407 m:0.021443066543608582 t:0.040073161430896925
predict:b	b:0.9512087613097329 e:0.01919476500018834 m:0.01082553336511653 t:0.018770940324962182
predict:e	b:0.047213709364185556 e:0.9098852306022083 m:0.01637414419263848 t:0.02652691584096785
predict:b	b:0.8135921024548738 e:0.07975975048537019 m:0.026161227354317584 t:0.08048691970543838
predict:t	b:0.04929994287948273 e:0.05525999542176859 m:0.02627557537891343 t:0.8691644863198353
predict:b	b:0.698470285897466 e:0.15528194340567197 m:0.06042031543778791 t:0.08582745525907418
predict:b	b:0.8193372203200686 e:0.04618477793141513 m:0.01791957397947808 t:0.11655842776903817
predict:e	b:0.28854862747699767 e:0.3993473137139886 m:0.18392330763439607 t:0.1281807511746176
predict:b	b:0.6478188454619589 e:0.08035709739352406 m:0.0538851865462734 t:0.21793887059824363
predict:t	b:0.12874333078042127 e:0.18151023122923643 m:0.10673318816655891 t:0.5830132498237834
predict:e	b:0.09661906072178714 e:0.7160146216721127 m:0.08318086992878733 t:0.10418544767731286
predict:b	b:0.919714859450388 e:0.028757761085584397 m:0.015274475816972603 t:0.03625290364705501
predict:t	b:0.23653521993012908 e:0.1614921153998865 m:0.04702050587549287 t:0.5549521587944917
predict:b	b:0.9053612281245303 e:0.046884089495989184 m:0.026996701705553502 t:0.020757980673926747
predict:b	b:0.8786361020590232 e:0.046891871323221465 m:0.024153770761391025 t:0.050318255856364326
predict:t	b:0.10941842674902481 e:0.14536532170984673 m:0.04083378369030795 t:0.7043824678508205
predict:b	b:0.6528308751356843 e:0.1463000216814555 m:0.08747655436908221 t:0.11339254881377815
predict:e	b:0.025647306603565467 e:0.9510741262673438 m:0.00974483357248059 t:0.013533733556610196
predict:b	b:0.6194295074051045 e:0.2016938235661728 m:0.09688742675664419 t:0.08198924227207835
predict:b	b:0.8985503488495438 e:0.027807986081127903 m:0.022625549925863585 t:0.051016115143464866
predict:b	b:0.7117294295788863 e:0.04570669385314024 m:0.10983227509235134 t:0.13273160147562219
predict:e	b:0.16694366764098165 e:0.7255432661706731 m:0.044238437939836235 t:0.06327462824850905
predict:m	b:0.07405732471342398 e:0.09395330742627725 m:0.7374834504825246 t:0.09450591737777407
predict:b	b:0.48208533699692663 e:0.22090066083326818 m:0.18243306385419567 t:0.11458093831560956
predict:t	b:0.2603446024457809 e:0.04138219204331917 m:0.06009722306641473 t:0.6381759824444853
predict:b	b:0.6374069016726094 e:0.14423918113805823 m:0.09540757642563771 t:0.12294634076369479
predict:t	b:0.12140140702754167 e:0.12877678866788098 m:0.07767904283783206 t:0.6721427614667453
predict:e	b:0.012940496089079965 e:0.9640662369954729 m:0.005543572135781192 t:0.017449694779665906
predict:e	b:0.14531124528560108 e:0.6394196584616718 m:0.05376681208577785 t:0.1615022841669492
predict:b	b:0.8454607221981439 e:0.07918727017930215 m:0.02469992446702545 t:0.05065208315552858
predict:e	b:0.16692011126760126 e:0.6795925860014788 m:0.0528259862533131 t:0.10066131647760682
predict:b	b:0.9535689016528573 e:0.013469161100620974 m:0.015218516941556664 t:0.01774342030496492
predict:e	b:0.03171479687411157 e:0.9436629115685758 m:0.011323474836094116 t:0.013298816721218298
predict:t	b:0.3907630003890784 e:0.014234754360774173 m:0.025802877164740785 t:0.5691993680854066
predict:b	b:0.49263805645805603 e:0.4074582904888462 m:0.03889122749751556 t:0.06101242555558219
predict:b	b:0.6935710127043659 e:0.05444844718802022 m:0.10605416982654728 t:0.14592637028106664
predict:e	b:0.11172703821116609 e:0.7981246807347038 m:0.03726797297923418 t:0.05288030807489596
predict:b	b:0.5057910728573541 e:0.03784743338559164 m:0.05108393633811423 t:0.40527755741894
predict:b	b:0.6522740251182648 e:0.1978002503624251 m:0.06517644139274265 t:0.0847492831265674
predict:b	b:0.7738557533483478 e:0.07751508070857376 m:0.03856406111186857 t:0.11006510483121008
predict:e	b:0.07328577870525459 e:0.8687525946341212 m:0.019872121222548157 t:0.03808950543807589
predict:e	b:0.06962435985143178 e:0.8631093012106069 m:0.030866655278553316 t:0.03639968365940805
predict:b	b:0.7898853203049446 e:0.12106510111211545 m:0.029713620192788757 t:0.05933595839015115
predict:b	b:0.7436382246278799 e:0.12226846486785031 m:0.027595694110387856 t:0.10649761639388192
predict:b	b:0.72398480601649 e:0.14728526093415995 m:0.06847442968222632 t:0.06025550336712377
predict:b	b:0.9874303120451365 e:0.004959026750337086 m:0.002674326095030173 t:0.004936335109496239
predict:b	b:0.9805372180288332 e:0.007600462284585442 m:0.005287048948518768 t:0.006575270738062512
predict:t	b:0.061608760291626166 e:0.0924389734045309 m:0.016619191825759654 t:0.8293330744780834
predict:e	b:0.012520693613619025 e:0.9725266789077084 m:0.005999101271600005 t:0.008953526207072553
predict:e	b:0.4091448395608226 e:0.428003016499531 m:0.03633920067355359 t:0.12651294326609286
predict:e	b:0.040534545498939964 e:0.8704350066445817 m:0.039482456061013506 t:0.049547991795464846
predict:b	b:0.5663996057223726 e:0.11037664326998244 m:0.031213928024944392 t:0.2920098229827006
predict:e	b:0.04072870088112115 e:0.9136725383289556 m:0.022904501294181007 t:0.022694259495742157
predict:b	b:0.7511327471901488 e:0.024688398328648834 m:0.025478974577649877 t:0.19869987990355253
predict:b	b:0.9121817518470334 e:0.04183714813974381 m:0.022892742097769005 t:0.023088357915453717
predict:e	b:0.14200833601884635 e:0.7515066140329556 m:0.03671265479235334 t:0.06977239515584469
predict:b	b:0.8730980824400146 e:0.02148701419939813 m:0.02496904491867529 t:0.08044585844191186
predict:e	b:0.14294202366218522 e:0.4704516340516192 m:0.30100930014457544 t:0.08559704214162
predict:m	b:0.05347427386358198 e:0.006795993504844837 m:0.926401223046697 t:0.013328509584876117
predict:m	b:0.04067665418422483 e:0.07369846085264477 m:0.8585605172382912 t:0.02706436772483922
predict:b	b:0.7631617059091 e:0.11211594285980622 m:0.03178415512902498 t:0.09293819610206892
predict:e	b:0.12433620361415036 e:0.7206372704765324 m:0.05754209867776872 t:0.0974844272315486
predict:t	b:0.12200718164003048 e:0.06625364707501155 m:0.03050767606598458 t:0.7812314952189735
predict:b	b:0.9315185658775191 e:0.011629684386695581 m:0.01468724439305645 t:0.04216450534272893
predict:m	b:0.21515784577968547 e:0.033980936270098475 m:0.6830573592701495 t:0.06780385868006644
predict:b	b:0.7437593788226283 e:0.1304760827696334 m:0.06431095276709108 t:0.06145358564064707
predict:b	b:0.7379985964493091 e:0.02268920043252209 m:0.03137604867108186 t:0.20793615444708685
predict:b	b:0.9493060625445546 e:0.017016317886754107 m:0.010299192941075232 t:0.023378426627615884
predict:e	b:0.11359750932482952 e:0.8140956076083674 m:0.027478444624450607 t:0.04482843844235251
predict:t	b:0.26832979321298955 e:0.23088455973780111 m:0.07958064643946054 t:0.4212050006097487
predict:e	b:0.04312862747828066 e:0.8976328388484158 m:0.02853678992736875 t:0.03070174374593457
predict:b	b:0.98594494983335 e:0.0038017976679926326 m:0.006097456057400335 t:0.004155796441257068
predict:e	b:0.04205905867772342 e:0.939395858291909 m:0.010788490885535816 t:0.0077565921448317695
predict:b	b:0.755862816140938 e:0.05760652443946244 m:0.039976315789413366 t:0.14655434363018618
predict:e	b:0.31519838279056545 e:0.5569792351518347 m:0.046073971161990766 t:0.08174841089560923
predict:e	b:0.27454835572594405 e:0.5960583631875697 m:0.04544283058280301 t:0.0839504505036833
predict:b	b:0.9891440644955183 e:0.0020555540409363366 m:0.004613581454072897 t:0.0041868000094724385
predict:e	b:0.02873217948108763 e:0.9363192675394749 m:0.014876836912324823 t:0.020071716067112503
predict:e	b:0.039245910160339965 e:0.8777148055139402 m:0.037614533568093605 t:0.04542475075762621
predict:b	b:0.8661365166180723 e:0.06879906186936033 m:0.03208393146428729 t:0.03298049004828
predict:b	b:0.9212637879592706 e:0.04396083070008971 m:0.018067268814481927 t:0.016708112526157805
predict:b	b:0.6687870837098246 e:0.2200036949980385 m:0.031445445904737857 t:0.07976377538739893
predict:t	b:0.1953015265406471 e:0.04151768824572072 m:0.03865994057339168 t:0.7245208446402406
predict:e	b:0.07768346467862702 e:0.6330149730830888 m:0.10261624533775926 t:0.186685316900525
predict:b	b:0.962924394328205 e:0.010991534176568953 m:0.009935875269048879 t:0.01614819622617724
predict:b	b:0.9341899973444128 e:0.025562044583752958 m:0.011433049185658255 t:0.028814908886176147
predict:e	b:0.07857176408180956 e:0.7847499811827829 m:0.05431000050741507 t:0.0823682542279924
predict:e	b:0.251361825235894 e:0.5583823719640981 m:0.0709177427280338 t:0.11933806007197409
predict:b	b:0.7375977877304283 e:0.1232971643136075 m:0.06421300669283239 t:0.07489204126313166
predict:b	b:0.5577497150299401 e:0.3450273307631984 m:0.03257526132029703 t:0.06464769288656448
predict:m	b:0.12802997711282285 e:0.06777586784723366 m:0.7733909552935013 t:0.030803199746442106
predict:e	b:0.03443358807018301 e:0.9377591910850377 m:0.012321245553219179 t:0.015485975291560088
predict:b	b:0.4456265842773671 e:0.16884423106880314 m:0.18630876036952276 t:0.19922042428430697
predict:e	b:0.1534503053887988 e:0.5335027790732649 m:0.19308905621010172 t:0.1199578593278346
predict:b	b:0.8735834951598822 e:0.07113021800868044 m:0.01991720724285344 t:0.03536907958858388
predict:e	b:0.06352927432172403 e:0.8709505159485178 m:0.025740195900485197 t:0.03978001382927299
predict:e	b:0.05674535366040628 e:0.8502888609603289 m:0.02440239154235283 t:0.0685633938369121
predict:b	b:0.9519297436585085 e:0.03231005585301861 m:0.008515918615232723 t:0.007244281873240325
predict:t	b:0.2387486531771436 e:0.2973846882284745 m:0.05036364270680081 t:0.41350301588758104
predict:b	b:0.897044826296661 e:0.052297305996216216 m:0.023914455113700137 t:0.026743412593422583
predict:b	b:0.7504948346361552 e:0.1441277958287279 m:0.05334370953623607 t:0.05203365999888081
predict:b	b:0.817117008557569 e:0.11193111358988912 m:0.03648685291012029 t:0.03446502494242165
predict:e	b:0.04116550407237076 e:0.8403136961226638 m:0.05998959623634391 t:0.058531203568621376
predict:e	b:0.24657834133361115 e:0.6866771749384369 m:0.025846002753710354 t:0.04089848097424146
predict:e	b:0.05606972333175046 e:0.8925773706627997 m:0.028034452121025222 t:0.023318453884424734
predict:e	b:0.306013515580872 e:0.5397232711468026 m:0.04981457527315228 t:0.10444863799917321
predict:b	b:0.6952954932768075 e:0.12869011636192126 m:0.057851265811103225 t:0.11816312455016802
predict:b	b:0.9518435168672194 e:0.007722960121487256 m:0.012844745914082528 t:0.02758877709721069
predict:b	b:0.4464935785162409 e:0.12500538683178877 m:0.06498743941298828 t:0.36351359523898197
predict:e	b:0.04479827953581175 e:0.8567346672823224 m:0.05330260933163232 t:0.04516444385023355
predict:b	b:0.7799633870134322 e:0.10155267158771808 m:0.06755948879705019 t:0.050924452601799605
predict:e	b:0.08265776672487153 e:0.8259234796175452 m:0.038787584531698595 t:0.05263116912588456
predict:b	b:0.8436467411514049 e:0.07229672211217968 m:0.029298456743729176 t:0.05475807999268631
predict:b	b:0.6302924900274482 e:0.2459441720438731 m:0.0528247224328168 t:0.07093861549586182
predict:e	b:0.04589645370865419 e:0.8975681836850783 m:0.02739141540114785 t:0.029143947205119616
predict:b	b:0.8185843327322188 e:0.06388728970471576 m:0.04476724190755032 t:0.07276113565551504
predict:b	b:0.9083046943915344 e:0.03494207767464729 m:0.02669690319346194 t:0.030056324740356275
predict:t	b:0.40188273791277107 e:0.04816779612607447 m:0.03569833841427611 t:0.5142511275468783
predict:e	b:0.11992732240276818 e:0.7421680690893001 m:0.04832317367628756 t:0.08958143483164416
predict:e	b:0.25852770074745896 e:0.5567976796162901 m:0.09437524132079803 t:0.09029937831545302
predict:e	b:0.03322121395187757 e:0.9201425687752998 m:0.015977815679690244 t:0.030658401593132444
predict:b	b:0.9228727784130165 e:0.03702469751252866 m:0.02120041295270608 t:0.018902111121748784
predict:b	b:0.8351516619313198 e:0.04717548248702908 m:0.0446482545736793 t:0.0730246010079719
predict:t	b:0.05276318261019627 e:0.024796331886638285 m:0.03907664950776644 t:0.883363835995399
predict:b	b:0.870604035739349 e:0.015844742224230303 m:0.053854812158222 t:0.05969640987819854
predict:e	b:0.03800309428583056 e:0.9025883867145663 m:0.032675353768102634 t:0.026733165231500402
predict:b	b:0.8634948815120561 e:0.07503987723724932 m:0.02147265210755514 t:0.03999258914313947
predict:e	b:0.06943017856883056 e:0.8533679579616045 m:0.040321431150353026 t:0.03688043231921212
predict:t	b:0.16004242088548384 e:0.18115511731044515 m:0.10521545065463857 t:0.5535870111494324
predict:b	b:0.8214312153153478 e:0.057091024044033406 m:0.026365434827256215 t:0.0951123258133627
predict:b	b:0.4344948883882094 e:0.09289562130132663 m:0.26742642365499164 t:0.2051830666554724
predict:b	b:0.7899531333398484 e:0.1334987818574142 m:0.03483107653560813 t:0.04171700826712932
predict:e	b:0.07255432611369778 e:0.8675691192521888 m:0.02965653134149619 t:0.030220023292617196
predict:e	b:0.00987656678568786 e:0.9753901383862215 m:0.009051368291757067 t:0.0056819265363336905
predict:e	b:0.006096170482108688 e:0.9853136418520207 m:0.003837408111715224 t:0.004752779554155374
predict:e	b:0.032791657311775343 e:0.9237371182369895 m:0.02135084516680809 t:0.02212037928442707
predict:e	b:0.058096274364799035 e:0.8849963658833286 m:0.02252333698511862 t:0.034384022766753834
predict:b	b:0.8497095747449355 e:0.08745818963283812 m:0.033046756119456545 t:0.029785479502769774
predict:b	b:0.8775841291675814 e:0.04749338075355191 m:0.024903481102049783 t:0.050019008976816874
predict:b	b:0.9408539051347298 e:0.030154277040527203 m:0.011507582331537423 t:0.017484235493205456
predict:e	b:0.05401479308536875 e:0.8703604632303635 m:0.03813859149459452 t:0.03748615218967326
predict:b	b:0.9646476682292129 e:0.008691054055809031 m:0.009954968775157726 t:0.01670630893982047
predict:b	b:0.7225178830836484 e:0.1464058651704813 m:0.0406555454736886 t:0.09042070627218174
predict:b	b:0.9652222358624238 e:0.021033621766026064 m:0.005981534846817872 t:0.007762607524732397
predict:e	b:0.04293026729828037 e:0.915456999302651 m:0.020533716002670458 t:0.02107901739639811
predict:b	b:0.8796624265927824 e:0.026597906744594824 m:0.02937783539507199 t:0.06436183126755089
predict:b	b:0.9889803572606235 e:0.003610282916817835 m:0.002999649959150317 t:0.0044097098634083625
predict:b	b:0.8259871405255428 e:0.08055901166351896 m:0.028768228928522103 t:0.06468561888241604
predict:e	b:0.3134142369745435 e:0.4829341120655407 m:0.07838860105859068 t:0.12526304990132503
predict:e	b:0.06432547879074346 e:0.8429150568205388 m:0.06265353504766917 t:0.03010592934104863
predict:e	b:0.06168489729938312 e:0.9061850557219581 m:0.01436524707277813 t:0.017764799905880636
predict:e	b:0.010914808369663034 e:0.9716709715240595 m:0.007744867183048107 t:0.009669352923229329
predict:b	b:0.9525934795333129 e:0.021616879928785387 m:0.010481963143161131 t:0.015307677394740617
predict:b	b:0.4058589674845842 e:0.3002026801773122 m:0.09136128296449511 t:0.20257706937360842
predict:e	b:0.019717526829191596 e:0.9531520039607891 m:0.014360287820692829 t:0.012770181389326358
predict:t	b:0.09822701980772024 e:0.4011257306563486 m:0.06529944633474553 t:0.43534780320118566
predict:b	b:0.9540055223030919 e:0.019285861060598833 m:0.016796471570541753 t:0.009912145065767358
predict:e	b:0.04831434541940276 e:0.9114881910200907 m:0.020051843996920463 t:0.02014561956358626
predict:e	b:0.02203426991026935 e:0.9077343841714421 m:0.0349437768435122 t:0.035287569074776357
predict:t	b:0.1536802960830631 e:0.08954056044747494 m:0.03158768294703849 t:0.7251914605224234
predict:t	b:0.290113042185758 e:0.08652734705167475 m:0.1516365434191663 t:0.4717230673434009
predict:b	b:0.9334748354866064 e:0.0256224641617752 m:0.026326953264329496 t:0.014575747087288702
predict:e	b:0.037528785234598835 e:0.9231972698673321 m:0.016966799545916924 t:0.022307145352152072
predict:b	b:0.9149159226850921 e:0.04691845633298576 m:0.01864274572599308 t:0.019522875255928974
predict:t	b:0.0877959149485482 e:0.11297095976497042 m:0.018290333231518203 t:0.7809427920549632
predict:e	b:0.2533634859205356 e:0.5676915831247623 m:0.08452969064647502 t:0.09441524030822718
predict:m	b:0.31385750849148736 e:0.045369584172456776 m:0.5942217626854036 t:0.046551144650652194
predict:b	b:0.9729257970477504 e:0.008640216919301353 m:0.011913958158002814 t:0.006520027874945515
predict:b	b:0.7986529634306696 e:0.12850192325911738 m:0.028739025116628177 t:0.04410608819358486
predict:b	b:0.46655609247428403 e:0.018578582543577953 m:0.0765713268452292 t:0.43829399813690884
predict:e	b:0.05064560463550149 e:0.8914244348812473 m:0.030488855702086995 t:0.02744110478116427
predict:e	b:0.03371433834433336 e:0.9396585129904568 m:0.012081977090818445 t:0.014545171574391419
predict:e	b:0.07219554270276614 e:0.8511611232036497 m:0.03290526819877177 t:0.04373806589481233
predict:t	b:0.10753472168512737 e:0.08452286125344219 m:0.06446032482968014 t:0.7434820922317504
predict:b	b:0.8873164761351698 e:0.010642030292303267 m:0.021113502940617576 t:0.08092799063190952
predict:e	b:0.057058815856529714 e:0.8641826336813831 m:0.0368077688308335 t:0.041950781631253424
predict:b	b:0.8442586319384563 e:0.04195950359339391 m:0.04797277692854231 t:0.06580908753960758
predict:m	b:0.11405781502259306 e:0.05961206123630017 m:0.6823797817419214 t:0.1439503419991855
predict:e	b:0.0991317262000991 e:0.5929757301964252 m:0.2482258634348436 t:0.059666680168631955
predict:b	b:0.9295063363741769 e:0.028212804804961633 m:0.008881592647631944 t:0.03339926617322962
predict:b	b:0.8662694899111372 e:0.08366811743655028 m:0.018932756626657568 t:0.031129636025654835
predict:b	b:0.9331464138608632 e:0.029064501867684053 m:0.010743414915877537 t:0.027045669355575373
predict:b	b:0.7629583119263933 e:0.018427087936979083 m:0.015426260481369917 t:0.2031883396552577
predict:e	b:0.06904204627332344 e:0.8695591817849779 m:0.02997886890023149 t:0.03141990304146705
predict:m	b:0.16473470998784404 e:0.10260627454899676 m:0.645364314589216 t:0.08729470087394332
predict:e	b:0.03986741965665772 e:0.9101034125405291 m:0.021083590249105603 t:0.028945577553707486
predict:e	b:0.3588949338771184 e:0.46582932855489084 m:0.07386066989586121 t:0.1014150676721294
predict:e	b:0.041355986304085254 e:0.908135731886464 m:0.022526046164712932 t:0.02798223564473781
predict:e	b:0.04911578742573848 e:0.8968296101215552 m:0.028097821563492165 t:0.025956780889214263
predict:t	b:0.1306933110634798 e:0.04594388350080082 m:0.019413269458980205 t:0.8039495359767392
predict:t	b:0.33702720553787857 e:0.2008935915650064 m:0.030510163119270683 t:0.4315690397778443
predict:e	b:0.030373377408704806 e:0.8964633763672484 m:0.05351062963203108 t:0.019652616592015684
predict:b	b:0.5318478633255194 e:0.19775611707073112 m:0.10482176809145285 t:0.16557425151229657
predict:t	b:0.3469917349758276 e:0.13885148260597788 m:0.07811476078538279 t:0.4360420216328118
predict:m	b:0.19013073821747453 e:0.3247207733385191 m:0.3480632078662921 t:0.1370852805777141
predict:b	b:0.5965980403678497 e:0.27363720118345697 m:0.04991059604794843 t:0.07985416240074486
predict:b	b:0.9710400043692774 e:0.017560792166442893 m:0.004314590902687516 t:0.007084612561592109
predict:e	b:0.056858122988982907 e:0.8792336848992679 m:0.017057668061839348 t:0.046850524049909824
predict:e	b:0.1760515514265144 e:0.731140008148987 m:0.035664217591136665 t:0.05714422283336185
predict:b	b:0.7105534787035531 e:0.13918505288776678 m:0.0689910329891275 t:0.08127043541955269
predict:e	b:0.01995548686877304 e:0.9528700302500349 m:0.011680048327866595 t:0.015494434553325475
predict:e	b:0.04485644391868228 e:0.9037153467045255 m:0.025295095275678373 t:0.026133114101113776
predict:b	b:0.978527160275444 e:0.011772685781329966 m:0.003979578012597627 t:0.005720575930628224
predict:e	b:0.09012570736545979 e:0.8448393015284152 m:0.031842207331538475 t:0.03319278377458629
predict:b	b:0.7688352781125791 e:0.16231391436551945 m:0.034591111818164176 t:0.03425969570373712
predict:t	b:0.2057003137566557 e:0.04118597840233539 m:0.01351792043861635 t:0.7395957874023925
predict:e	b:0.09988203639394985 e:0.7805667813464309 m:0.06491462944479255 t:0.05463655281482669
predict:e	b:0.3290458183376362 e:0.4446838525529226 m:0.05962177925518621 t:0.16664854985425506
predict:b	b:0.5474589921391585 e:0.295418604163339 m:0.058233479367935395 t:0.0988889243295672
predict:e	b:0.03944204944057233 e:0.9043660754317092 m:0.026896605760169872 t:0.029295269367548626
predict:e	b:0.01357171430061049 e:0.9638874805337322 m:0.010236453079114059 t:0.0123043520865432
predict:b	b:0.6402133560812174 e:0.19491081575113492 m:0.07784288238338857 t:0.08703294578425903
predict:b	b:0.5273649724078564 e:0.23024567217232436 m:0.06774944415996972 t:0.17463991125984954
predict:e	b:0.02481266640688929 e:0.9129266147769872 m:0.01842252064181859 t:0.04383819817430498
predict:e	b:0.10694247305861812 e:0.761451548295083 m:0.07826018852187233 t:0.053345790124426674
predict:t	b:0.28865196403980004 e:0.16205791336370323 m:0.1330998594913265 t:0.41619026310517027
predict:t	b:0.30002210684296127 e:0.2605268991112855 m:0.04124953009784773 t:0.39820146394790545
predict:e	b:0.07978148317163725 e:0.8193002380799503 m:0.054191746470228445 t:0.04672653227818387
predict:e	b:0.07480213849168826 e:0.7626568181347242 m:0.09066227947103803 t:0.0718787639025495
predict:e	b:0.07415634654304246 e:0.8134832682339259 m:0.06738263216360779 t:0.04497775305942391
predict:e	b:0.15175753661841856 e:0.7304521291103026 m:0.04496564260973512 t:0.0728246916615438
predict:b	b:0.9135609653657853 e:0.022970864109798716 m:0.024603446662058416 t:0.03886472386235757
predict:e	b:0.029826219131480765 e:0.9174172675419986 m:0.030782417018133643 t:0.02197409630838701
predict:b	b:0.7898392216648951 e:0.11478311696700322 m:0.0469851022585919 t:0.04839255910950963
predict:e	b:0.20076515707902562 e:0.6795336662642949 m:0.04815416552094505 t:0.07154701113573447
predict:e	b:0.12107820099355125 e:0.45392299495811356 m:0.3392131509791811 t:0.08578565306915398
predict:t	b:0.0955942735178822 e:0.21442009647507307 m:0.05617810547822597 t:0.6338075245288187
predict:m	b:0.31979487635167997 e:0.14434461729681386 m:0.4513139115423876 t:0.08454659480911869
predict:e	b:0.3797660584493671 e:0.5090218509358087 m:0.08010460417204202 t:0.031107486442782245
predict:e	b:0.3377541201630175 e:0.5122262404985636 m:0.04502290913259645 t:0.10499673020582251
predict:e	b:0.010763366921091016 e:0.9790316719919263 m:0.004126633547411437 t:0.006078327539571333
predict:e	b:0.03741247287805875 e:0.9313938612182703 m:0.012717165719706837 t:0.018476500183963906
predict:e	b:0.11491579804706716 e:0.8293281389196236 m:0.024274154799463477 t:0.031481908233845855
predict:e	b:0.008689529824471763 e:0.9770191667921527 m:0.0043635571793331105 t:0.00992774620404245
predict:e	b:0.2544086569669119 e:0.4277766932824618 m:0.15332001314488417 t:0.1644946366057421
predict:b	b:0.8402372832162966 e:0.10119657171689271 m:0.02341982662287413 t:0.03514631844393647
predict:b	b:0.664024125371997 e:0.15629231024892695 m:0.029013855727291486 t:0.15066970865178467
predict:e	b:0.2812377271626678 e:0.3982890990572004 m:0.1146436142142665 t:0.20582955956586527
predict:t	b:0.13143966000721932 e:0.10110445798167796 m:0.039367575553646346 t:0.7280883064574564
predict:b	b:0.6658573473608771 e:0.13175490998353906 m:0.09325231818187919 t:0.10913542447370468
predict:e	b:0.09592996487339658 e:0.803443468778683 m:0.05230372477065318 t:0.04832284157726724
predict:e	b:0.01867397755247165 e:0.9643317734307811 m:0.007578617071796413 t:0.009415631944950825
predict:t	b:0.30145982053177844 e:0.07778779171849466 m:0.2792509841826824 t:0.34150140356704445
predict:t	b:0.17267996109767794 e:0.24606239295603982 m:0.1584883799726632 t:0.42276926597361897
predict:t	b:0.07470538042771797 e:0.10091930228589295 m:0.013256874977591685 t:0.8111184423087974
predict:b	b:0.7695834847587683 e:0.12690336667072152 m:0.048527874553312644 t:0.05498527401719734
predict:b	b:0.555381845078832 e:0.15583612770377542 m:0.09522255611447489 t:0.1935594711029178
predict:m	b:0.18298031780429358 e:0.0464480186363336 m:0.6746122965202888 t:0.09595936703908398
predict:e	b:0.052710578022902126 e:0.8837961773899414 m:0.03343264336942122 t:0.030060601217735197
predict:b	b:0.7874323739989709 e:0.08979433893555866 m:0.059972042516910226 t:0.06280124454856023
predict:b	b:0.8756221442147182 e:0.044208823313925026 m:0.027528262089651253 t:0.05264077038170539
predict:b	b:0.8557776429003587 e:0.020032348653862903 m:0.05097447525915128 t:0.07321553318662716
predict:e	b:0.02596851170048438 e:0.9466235083116897 m:0.014480493325328631 t:0.01292748666249705
predict:e	b:0.3251441046945016 e:0.4460265187742091 m:0.1498351364392973 t:0.07899424009199199
predict:e	b:0.04129677674649777 e:0.864297213725707 m:0.028334378400428833 t:0.06607163112736636
predict:b	b:0.9380826210595383 e:0.028772457757297875 m:0.016401444148280896 t:0.016743477034882857
predict:m	b:0.2804190460492096 e:0.27328678586603217 m:0.28169897589284615 t:0.16459519219191215
predict:e	b:0.021415408025043752 e:0.948953834928361 m:0.010652586521346973 t:0.018978170525248125
predict:b	b:0.8799071271618459 e:0.058468391744618306 m:0.026489552639046964 t:0.0351349284544888
predict:b	b:0.8369337685884678 e:0.08599658228972228 m:0.029266906584553533 t:0.047802742537256346
predict:t	b:0.19053613009337 e:0.01761387313421286 m:0.011135535419914187 t:0.7807144613525029
predict:e	b:0.004159607588956595 e:0.9854681975416142 m:0.003858690488500555 t:0.006513504380928645
predict:b	b:0.9467208776794264 e:0.02240298489100741 m:0.010113125985394239 t:0.02076301144417211
predict:e	b:0.24554932028751492 e:0.31261271057295725 m:0.27211611749269826 t:0.16972185164682968
predict:m	b:0.22235769218345544 e:0.1920018872983355 m:0.47788735638695057 t:0.10775306413125853
predict:b	b:0.8826461532570349 e:0.07443653977255031 m:0.019298335945336635 t:0.023618971025078286
predict:e	b:0.044476124070071205 e:0.9180626245189898 m:0.02104853389256134 t:0.016412717518377598
predict:b	b:0.9174971344323709 e:0.009268748846640867 m:0.01990639682574015 t:0.053327719895247955
predict:e	b:0.03376339200349445 e:0.9344980570145257 m:0.012914183561208404 t:0.018824367420771492
predict:b	b:0.8016359690479651 e:0.12288343475465459 m:0.025941897836695794 t:0.04953869836068469
predict:e	b:0.28626108235206565 e:0.3169527986029403 m:0.18903088217626018 t:0.20775523686873398
predict:b	b:0.981044732398842 e:0.009258699654676272 m:0.004461198001147086 t:0.005235369945334498
predict:b	b:0.6816120191133344 e:0.21827399778460158 m:0.03262774352692531 t:0.06748623957513877
predict:b	b:0.9117028177554823 e:0.050666078385619796 m:0.01304989840244445 t:0.024581205456453252
predict:e	b:0.06077230109672998 e:0.6889055073454444 m:0.07071669864347696 t:0.17960549291434857
predict:e	b:0.09040764618958737 e:0.8427806458323359 m:0.016742114562615998 t:0.05006959341546073
predict:e	b:0.08844929273031137 e:0.8390847760488787 m:0.027154673555217085 t:0.0453112576655928
predict:b	b:0.9339700655458899 e:0.01699641460022516 m:0.010539615382531616 t:0.03849390447135332
predict:b	b:0.7837859762314017 e:0.04858766269234196 m:0.046109874299390355 t:0.1215164867768659
predict:m	b:0.3645536445468505 e:0.10489778753326641 m:0.38877294626392833 t:0.14177562165595478
predict:b	b:0.8035767407748702 e:0.07810258158310152 m:0.04108362921556458 t:0.07723704842646362
predict:b	b:0.6503657640059652 e:0.1324604309904987 m:0.037471536352887067 t:0.17970226865064906
predict:e	b:0.05998234878727086 e:0.8534308024895776 m:0.040083167373523264 t:0.04650368134962848
predict:t	b:0.06435239966268731 e:0.04183526806039391 m:0.14548572776802265 t:0.7483266045088962
predict:e	b:0.049901806638182465 e:0.9086629877727286 m:0.015627603296011223 t:0.02580760229307772
predict:e	b:0.049416278682289504 e:0.923369122876173 m:0.012443893724338411 t:0.014770704717199143
predict:m	b:0.21135351956658133 e:0.05622253675271058 m:0.6766966881509081 t:0.05572725552980006
predict:b	b:0.949079239178245 e:0.023962531801026928 m:0.011682012223579464 t:0.015276216797148762
predict:e	b:0.04556440820350073 e:0.904726805385376 m:0.025528430782375024 t:0.024180355628748096
predict:b	b:0.8604486047064632 e:0.08283987018500331 m:0.030963520784152158 t:0.02574800432438114
predict:e	b:0.22490270701673315 e:0.438514130867675 m:0.26238666086986373 t:0.07419650124572792
predict:b	b:0.8615728043289161 e:0.07530217159188782 m:0.022606341594380325 t:0.040518682484815556
predict:b	b:0.4469883613518428 e:0.1696004892282213 m:0.14899505180891345 t:0.2344160976110226
predict:e	b:0.03680533169263113 e:0.9154783789922072 m:0.017942823931693476 t:0.029773465383468062
predict:e	b:0.11180463465460404 e:0.7875254474980582 m:0.049297688114199226 t:0.05137222973313848
predict:e	b:0.015204983233311308 e:0.9734910410053409 m:0.005449584472888567 t:0.005854391288459337
predict:b	b:0.5818253675276719 e:0.3095263993964767 m:0.03601765220490521 t:0.0726305808709463
predict:e	b:0.270192683220714 e:0.5199254374436036 m:0.13134480818136818 t:0.07853707115431406
predict:e	b:0.2462998106283794 e:0.6155243251051637 m:0.05126196387043719 t:0.0869139003960198
predict:b	b:0.9257309779596142 e:0.02391670739889995 m:0.02076574038936254 t:0.02958657425212324
predict:t	b:0.04083160243780359 e:0.02414161848412497 m:0.011451600183735103 t:0.9235751788943363
predict:e	b:0.0024832870067401 e:0.9924584323850993 m:0.002242219473017594 t:0.002816061135142945
predict:e	b:0.13327934507046632 e:0.5080069871218009 m:0.08868771063974885 t:0.270025957167984
predict:b	b:0.9901136106774147 e:0.002143374985330497 m:0.003295319892388369 t:0.004447694444866602
predict:t	b:0.15825336877323473 e:0.09825965928789136 m:0.0330637921411974 t:0.7104231797976766
predict:t	b:0.2959799130549072 e:0.20087347824569518 m:0.03320461067599597 t:0.46994199802340186
predict:e	b:0.027870661194527507 e:0.9412580781583133 m:0.01474583631814701 t:0.016125424329012105
predict:e	b:0.10258586547577939 e:0.8078329678362232 m:0.025243985610334516 t:0.06433718107766301
predict:m	b:0.21060639990811103 e:0.2435026726687072 m:0.3039600495020212 t:0.24193087792116058
predict:b	b:0.46238711230594226 e:0.3152712697917798 m:0.06187653310722274 t:0.1604650847950553
predict:e	b:0.047206688474062695 e:0.8848974475593462 m:0.027287928935118264 t:0.04060793503147267
predict:e	b:0.04996765680003274 e:0.9103375049769793 m:0.018598676680024826 t:0.021096161542963104
predict:e	b:0.04614853882559182 e:0.9173339128190026 m:0.014403732391218662 t:0.022113815964186906
predict:b	b:0.7404114182210672 e:0.16954813889173387 m:0.04331192478924269 t:0.04672851809795636
predict:e	b:0.10679218022996687 e:0.7836148535944635 m:0.043209811945863354 t:0.06638315422970627
predict:b	b:0.8705148632637804 e:0.057467665475770785 m:0.025265491793398678 t:0.04675197946705022
predict:e	b:0.04431910131715761 e:0.926215547850879 m:0.01225358693060057 t:0.017211763901362715
predict:e	b:0.0067231327421170325 e:0.9828773221560049 m:0.0035429351936668747 t:0.00685660990821111
predict:t	b:0.3689912417542915 e:0.05363776781638948 m:0.02690823370979412 t:0.5504627567195249
predict:e	b:0.03307779531388698 e:0.8858203212326927 m:0.0263629364420588 t:0.05473894701136154
predict:e	b:0.19211983566815927 e:0.7037305795954241 m:0.028808524526564346 t:0.07534106020985225
predict:e	b:0.16955600441390728 e:0.6932620818319031 m:0.05521387298971604 t:0.08196804076447356
predict:b	b:0.5966704771984442 e:0.14865903354178386 m:0.18954180111025412 t:0.06512868814951776
predict:b	b:0.8670735392031343 e:0.04861133425874138 m:0.036450353481173564 t:0.047864773056950645
predict:b	b:0.6001830580910831 e:0.2378997126600439 m:0.057951579065424176 t:0.10396565018344878
predict:e	b:0.1345922979950369 e:0.7479764856968042 m:0.04245583047534844 t:0.07497538583281046
predict:b	b:0.9781447401177319 e:0.00854198291886017 m:0.007089452593171089 t:0.006223824370236686
predict:b	b:0.9405064754313045 e:0.015549496763029165 m:0.017318388523795164 t:0.026625639281871342
predict:b	b:0.9601516913571587 e:0.018240015001627388 m:0.009269503850196762 t:0.01233878979101717
predict:b	b:0.9667745550928745 e:0.020245224737511024 m:0.006583129774165227 t:0.006397090395449235
predict:b	b:0.749691072550775 e:0.14006981732862142 m:0.03500540685436402 t:0.0752337032662395
predict:b	b:0.7272931426759668 e:0.13028605474962762 m:0.05284565969447729 t:0.08957514287992845
predict:e	b:0.03524529422447121 e:0.929948112905689 m:0.017454829332400435 t:0.017351763537439353
predict:b	b:0.7288669644736414 e:0.07855188812357489 m:0.11942736094553615 t:0.07315378645724761
predict:b	b:0.773831509045771 e:0.14701984311423064 m:0.03703160154407283 t:0.04211704629592544
predict:e	b:0.04273184270886864 e:0.88851408419956 m:0.031035853494515733 t:0.037718219597055604
predict:e	b:0.372606800525083 e:0.3739772754623645 m:0.10728595834261634 t:0.14612996566993622
predict:e	b:0.12222769158420672 e:0.7468053679324215 m:0.04677994471930162 t:0.08418699576407013
predict:e	b:0.12379373599605924 e:0.7709042307478374 m:0.046780837822046166 t:0.05852119543405704
predict:m	b:0.11454634890570965 e:0.09154512889346565 m:0.7256349953673041 t:0.06827352683352057
predict:b	b:0.33300736458202457 e:0.27967508852100953 m:0.10965317327578117 t:0.27766437362118473
predict:e	b:0.05146884474343905 e:0.8761723834945668 m:0.022859415032866797 t:0.04949935672912741
predict:e	b:0.007184835396951102 e:0.9819405174376263 m:0.005659847610088479 t:0.005214799555334093
predict:m	b:0.14056021050493958 e:0.24778190352332738 m:0.31873592638357057 t:0.2929219595881624
predict:b	b:0.8727116158017731 e:0.03642011740650834 m:0.018902095090759675 t:0.07196617170095879
predict:b	b:0.9056382909032512 e:0.051585796843266064 m:0.015031137982488334 t:0.027744774270994536
predict:e	b:0.1313643567383512 e:0.7746057201881744 m:0.03893634960227838 t:0.05509357347119605
predict:e	b:0.19566485802221373 e:0.5677843175904251 m:0.13198393526334407 t:0.10456688912401702
predict:e	b:0.08655208576889599 e:0.837610721440873 m:0.03421447658859818 t:0.041622716201632735
predict:e	b:0.015724916574566837 e:0.9539627479852879 m:0.012129661874235042 t:0.018182673565910263
predict:e	b:0.01910674322325173 e:0.921871132921258 m:0.010283456488991607 t:0.04873866736649866
predict:t	b:0.05738444795714219 e:0.15570365688503432 m:0.04504271353556107 t:0.7418691816222623
predict:e	b:0.08515934316354021 e:0.7009370318958489 m:0.07990881304839889 t:0.13399481189221196
predict:b	b:0.3677547243824602 e:0.22912176991408856 m:0.07069507577920736 t:0.3324284299242439
predict:b	b:0.6764976458739944 e:0.15486641054710013 m:0.03787221668882725 t:0.13076372689007817
predict:e	b:0.019381955880229822 e:0.956173145020212 m:0.010715069263830052 t:0.013729829835728012
predict:e	b:0.0596451796811026 e:0.8903902070577641 m:0.01864973795882634 t:0.031314875302307046
predict:m	b:0.030834404339634275 e:0.24782556386982538 m:0.6824323420714702 t:0.03890768971907015
predict:b	b:0.9830952734553866 e:0.008957083094028108 m:0.0033345147221308744 t:0.004613128728454413
predict:m	b:0.09028620665127042 e:0.02228138540833106 m:0.8417245408210146 t:0.045707867119383884
predict:b	b:0.9808628925158656 e:0.007683862323571333 m:0.005503449196872676 t:0.005949795963690343
predict:b	b:0.7368408394629314 e:0.052333583177594144 m:0.06352697034729331 t:0.14729860701218112
predict:b	b:0.6594309015768681 e:0.13368856333523915 m:0.06160713135611007 t:0.1452734037317826
predict:b	b:0.7234741485523803 e:0.16938413429005988 m:0.03808584116384211 t:0.06905587599371778
